1  	аа	8146	639	
2  	аб	646284	171	
3  	ав	1850439	72	
4  	аг	419810	228	
5  	ад	1139097	105	
6  	ае	917165	131	
7  	аё	4261	697	
8  	аж	651599	169	
9  	аз	1810274	74	
10  	аи	151719	340	
11  	ай	382889	236	
12  	ак	2444401	51	
13  	ал	4122610	14	
14  	ам	1870040	70	
15  	ан	3170297	30	
16  	ао	36533	499	
17  	ап	536209	196	
18  	ар	1698166	78	
19  	ас	2213300	59	
20  	ат	2864282	39	
21  	ау	104159	387	
22  	аф	106797	384	
23  	ах	592135	185	
24  	ац	396380	233	
25  	ач	612117	178	
26  	аш	506685	207	
27  	ащ	167434	335	
28  	аэ	13001	592	
29  	аю	618145	175	
30  	ая	1080275	108	
31  	ба	502297	208	
32  	бб	8787	629	
33  	бв	30279	515	
34  	бд	9311	622	
35  	бе	991249	123	
36  	бж	10259	613	
37  	бз	5506	669	
38  	би	498255	209	
39  	бк	61280	447	
40  	бл	516598	203	
41  	бм	22392	540	
42  	бн	201341	313	
43  	бо	1517618	82	
44  	бр	651266	170	
45  	бс	137643	352	
46  	бт	4612	688	
47  	бу	574863	187	
48  	бх	52016	464	
49  	бш	6928	648	
50  	бщ	197330	315	
51  	бъ	120811	371	
52  	бы	1470406	87	
53  	бь	18623	561	
54  	бэ	4705	685	
55  	бю	30515	514	
56  	бя	217984	303	
57  	ва	3485014	24	
58  	вб	6087	661	
59  	вв	38614	494	
60  	вг	28837	521	
61  	вд	140990	350	
62  	ве	2745369	44	
63  	вё	6884	650	
64  	вз	183028	327	
65  	ви	1687298	79	
66  	вк	216570	304	
67  	вл	691221	165	
68  	вм	81166	410	
69  	вн	837650	141	
70  	во	3679002	20	
71  	вп	131078	359	
72  	вр	461063	218	
73  	вс	1325448	94	
74  	вт	213790	307	
75  	ву	416928	230	
76  	вх	25145	533	
77  	вц	21138	549	
78  	вч	32868	508	
79  	вш	291736	264	
80  	вщ	12634	598	
81  	вы	1491179	85	
82  	вь	93451	396	
83  	вя	190874	318	
84  	га	767374	155	
85  	гб	4542	690	
86  	гв	11522	603	
87  	гг	8240	636	
88  	гд	527269	198	
89  	ге	328899	253	
90  	ги	610113	179	
91  	гк	57975	453	
92  	гл	600810	182	
93  	гм	11548	602	
94  	гн	125698	365	
95  	го	4087992	15	
96  	гр	658131	167	
97  	гс	13132	591	
98  	гт	9484	619	
99  	гу	322111	255	
100  	гч	15465	579	
101  	да	2555297	50	
102  	дб	17961	563	
103  	дв	417153	229	
104  	дг	26458	527	
105  	дд	40368	487	
106  	де	2799748	42	
107  	дё	11403	604	
108  	дж	79990	412	
109  	дз	19859	554	
110  	ди	1488226	86	
111  	дк	160034	336	
112  	дл	460217	219	
113  	дм	69025	430	
114  	дн	1039486	117	
115  	до	2157311	60	
116  	дп	101066	390	
117  	др	626853	173	
118  	дс	334671	250	
119  	дт	67583	436	
120  	ду	916890	132	
121  	дх	27720	525	
122  	дц	91529	398	
123  	дч	35448	503	
124  	дш	38910	493	
125  	дъ	19527	557	
126  	ды	377512	239	
127  	дь	224439	296	
128  	дю	12857	594	
129  	дя	185412	322	
130  	еа	125049	366	
131  	еб	577204	186	
132  	ев	1068095	111	
133  	ег	1408718	90	
134  	ед	1935815	65	
135  	ее	701614	162	
136  	её	14850	583	
137  	еж	462909	217	
138  	ез	752248	157	
139  	еи	76545	419	
140  	ей	1321751	95	
141  	ек	993048	122	
142  	ел	3106510	31	
143  	ёл	14113	588	
144  	ем	2338387	55	
145  	ём	18268	562	
146  	ен	5189907	6	
147  	ён	22181	545	
148  	ео	220445	301	
149  	еп	487579	212	
150  	ер	3638393	21	
151  	ёр	12077	599	
152  	ес	2878245	38	
153  	ет	3307969	27	
154  	ёт	25135	534	
155  	еу	55963	457	
156  	еф	90125	401	
157  	ех	356392	245	
158  	ец	207818	310	
159  	еч	616467	176	
160  	еш	434389	224	
161  	ещ	338849	247	
162  	ею	73602	423	
163  	ея	120285	372	
164  	жа	530793	197	
165  	жб	30141	516	
166  	жг	5324	673	
167  	жд	508324	206	
168  	же	1821313	73	
169  	жё	5297	675	
170  	жж	5239	676	
171  	жи	808473	147	
172  	жк	76173	421	
173  	жл	5842	666	
174  	жм	5597	668	
175  	жн	594967	184	
176  	жо	36050	500	
177  	жр	5416	671	
178  	жс	16465	573	
179  	жу	126374	364	
180  	жч	23405	537	
181  	жь	17670	566	
182  	за	2670888	47	
183  	зб	87851	403	
184  	зв	536986	194	
185  	зг	132986	356	
186  	зд	481168	214	
187  	зе	249775	283	
188  	зж	40284	488	
189  	зз	8464	632	
190  	зи	382699	237	
191  	зк	84581	405	
192  	зл	143545	346	
193  	зм	286199	267	
194  	зн	922793	129	
195  	зо	464937	216	
196  	зр	209408	309	
197  	зс	14707	584	
198  	зт	6691	653	
199  	зу	263040	277	
200  	зц	8344	635	
201  	зч	8985	625	
202  	зъ	11159	606	
203  	зы	294875	263	
204  	зь	57888	454	
205  	зю	4980	680	
206  	зя	134750	354	
207  	иа	279618	270	
208  	иб	260858	279	
209  	ив	1340779	92	
210  	иг	359433	244	
211  	ид	780927	152	
212  	ие	1610394	80	
213  	иж	177955	330	
214  	из	1494881	84	
215  	ии	911508	133	
216  	ий	972401	125	
217  	ик	1437934	89	
218  	ил	2335238	56	
219  	им	1749666	76	
220  	ин	2384696	53	
221  	ио	377613	238	
222  	ип	176682	331	
223  	ир	871113	138	
224  	ис	1862616	71	
225  	ит	2612768	48	
226  	иу	19040	560	
227  	иф	81266	409	
228  	их	1142007	102	
229  	иц	494179	211	
230  	ич	1060816	112	
231  	иш	287906	266	
232  	ищ	102239	389	
233  	иэ	4962	681	
234  	ию	321922	256	
235  	ия	1447234	88	
236  	йб	5967	665	
237  	йг	4367	692	
238  	йд	77314	415	
239  	йе	8200	638	
240  	йз	6654	655	
241  	йк	68883	431	
242  	йл	21658	546	
243  	йм	26611	526	
244  	йн	211418	308	
245  	йо	36841	495	
246  	йр	4654	686	
247  	йс	387428	234	
248  	йт	127187	363	
249  	йф	5069	678	
250  	йц	25963	529	
251  	йч	91116	400	
252  	йш	60713	448	
253  	ка	3753269	19	
254  	кв	184716	324	
255  	кг	9016	624	
256  	кд	6015	663	
257  	ке	407683	231	
258  	кж	52258	462	
259  	кз	19700	556	
260  	ки	2061205	62	
261  	кк	21598	547	
262  	кл	446340	222	
263  	км	10423	611	
264  	кн	188660	320	
265  	ко	5117773	8	
266  	кп	9747	617	
267  	кр	943075	128	
268  	кс	269549	272	
269  	кт	725392	159	
270  	ку	1033571	118	
271  	кц	113108	380	
272  	кш	8511	631	
273  	ла	2960226	34	
274  	лб	16436	574	
275  	лв	6960	647	
276  	лг	83676	406	
277  	лд	31814	510	
278  	ле	2925023	36	
279  	лё	14266	586	
280  	лж	158349	338	
281  	лз	11806	601	
282  	ли	3866502	18	
283  	лк	199563	314	
284  	лл	186323	321	
285  	лм	12682	595	
286  	лн	239271	291	
287  	ло	2912925	37	
288  	лп	16383	575	
289  	лр	6775	652	
290  	лс	513645	205	
291  	лт	44343	481	
292  	лу	729318	158	
293  	лх	8211	637	
294  	лч	47264	472	
295  	лш	4801	684	
296  	лы	319477	257	
297  	ль	2819650	41	
298  	лю	598858	183	
299  	ля	1073751	110	
300  	ма	1765557	75	
301  	мб	48137	469	
302  	мв	17584	567	
303  	мг	16757	571	
304  	ме	2346193	54	
305  	ми	1914722	67	
306  	мк	73147	424	
307  	мл	128034	361	
308  	мм	119473	373	
309  	мн	705437	161	
310  	мо	2122362	61	
311  	мп	189670	319	
312  	мр	22321	542	
313  	мс	97066	393	
314  	мт	4402	691	
315  	му	1051209	113	
316  	мф	11330	605	
317  	мц	17255	570	
318  	мч	17269	569	
319  	мы	724184	160	
320  	мь	59128	450	
321  	мэ	11015	608	
322  	мя	243924	287	
323  	на	5928622	4	
324  	нб	9457	620	
325  	нв	39510	492	
326  	нг	121766	370	
327  	нд	336677	249	
328  	не	4805426	11	
329  	нё	8525	630	
330  	нж	15854	578	
331  	нз	29051	519	
332  	ни	5157969	7	
333  	нк	374477	241	
334  	нн	1897247	68	
335  	но	6436135	3	
336  	нп	6087	662	
337  	нр	39895	490	
338  	нс	521114	200	
339  	нт	806817	148	
340  	ну	1156929	100	
341  	нф	79962	413	
342  	нх	7691	644	
343  	нц	273297	271	
344  	нч	99327	392	
345  	нш	9961	615	
346  	нщ	55262	459	
347  	ны	2714057	45	
348  	нь	537143	193	
349  	нэ	4347	694	
350  	ню	80682	411	
351  	ня	768863	154	
352  	оа	22883	538	
353  	об	2221408	58	
354  	ов	4901938	10	
355  	ог	2773312	43	
356  	од	3090910	32	
357  	ое	1160543	99	
358  	оё	6121	660	
359  	ож	1082000	107	
360  	оз	840457	140	
361  	ои	515750	204	
362  	ой	2431895	52	
363  	ок	1214259	97	
364  	ол	3375143	26	
365  	ом	3209060	29	
366  	он	2942617	35	
367  	оо	222118	300	
368  	оп	922532	130	
369  	ор	3415027	25	
370  	ос	3966047	17	
371  	от	3510602	23	
372  	оу	45965	475	
373  	оф	156020	339	
374  	ох	291336	265	
375  	оц	178877	329	
376  	оч	982203	124	
377  	ош	433712	225	
378  	ощ	144122	345	
379  	оэ	78167	414	
380  	ою	119158	374	
381  	оя	384812	235	
382  	па	961412	126	
383  	пе	1401258	91	
384  	пи	655135	168	
385  	пк	57839	455	
386  	пл	536216	195	
387  	пн	82145	408	
388  	по	5212731	5	
389  	пп	77159	417	
390  	пр	4179260	13	
391  	пс	52071	463	
392  	пт	60657	449	
393  	пу	431907	226	
394  	пц	14382	585	
395  	пч	10646	610	
396  	пш	5025	679	
397  	пы	175479	334	
398  	пь	47775	471	
399  	пя	124971	367	
400  	ра	5048021	9	
401  	рб	69789	428	
402  	рв	257003	280	
403  	рг	261832	278	
404  	рд	158407	337	
405  	ре	3989734	16	
406  	рё	6915	649	
407  	рж	192740	317	
408  	рз	22359	541	
409  	ри	2820329	40	
410  	рк	232599	293	
411  	рл	56161	456	
412  	рм	334205	251	
413  	рн	570726	188	
414  	ро	4714358	12	
415  	рп	66086	437	
416  	рр	63830	443	
417  	рс	314420	259	
418  	рт	484158	213	
419  	ру	1583604	81	
420  	рф	35575	502	
421  	рх	100386	391	
422  	рц	36565	496	
423  	рч	58210	451	
424  	рш	121912	369	
425  	рщ	12644	597	
426  	ры	828626	143	
427  	рь	263595	276	
428  	рэ	7311	646	
429  	рю	68362	433	
430  	ря	524450	199	
431  	са	1003667	121	
432  	сб	50449	466	
433  	св	753802	156	
434  	сг	15211	580	
435  	сд	110058	382	
436  	се	1889506	69	
437  	сё	31728	511	
438  	сж	8816	628	
439  	сз	5364	672	
440  	си	1150205	101	
441  	ск	2586828	49	
442  	сл	1503147	83	
443  	см	423200	227	
444  	сн	615677	177	
445  	со	1915082	66	
446  	сп	1080027	109	
447  	ср	254518	282	
448  	сс	791981	150	
449  	ст	7173707	1	
450  	су	602809	181	
451  	сф	40147	489	
452  	сх	113061	381	
453  	сц	45985	474	
454  	сч	183420	325	
455  	сш	68736	432	
456  	съ	20327	551	
457  	сы	213995	305	
458  	сь	1228030	96	
459  	сэ	6014	664	
460  	сю	67967	434	
461  	ся	2001670	64	
462  	та	3636025	22	
463  	тб	26075	528	
464  	тв	1717885	77	
465  	тг	7467	645	
466  	тд	88584	402	
467  	те	3288502	28	
468  	тё	8114	640	
469  	тз	5303	674	
470  	ти	2688091	46	
471  	тк	401567	232	
472  	тл	131399	357	
473  	тм	58190	452	
474  	тн	821490	146	
475  	то	6718190	2	
476  	тп	45948	476	
477  	тр	2017218	63	
478  	тс	1042223	116	
479  	тт	45108	479	
480  	ту	880925	135	
481  	тф	7750	643	
482  	тх	10171	614	
483  	тц	29942	518	
484  	тч	65243	440	
485  	тш	4342	695	
486  	тщ	8441	633	
487  	тъ	5705	667	
488  	ты	856496	139	
489  	ть	3036424	33	
490  	тэ	4833	683	
491  	тю	40832	485	
492  	тя	303112	261	
493  	уа	95653	394	
494  	уб	376142	240	
495  	ув	264145	275	
496  	уг	517220	202	
497  	уд	1008986	119	
498  	уе	185154	323	
499  	уж	700853	163	
500  	уз	196422	316	
501  	уи	16185	576	
502  	уй	50823	465	
503  	ук	458893	220	
504  	ул	663580	166	
505  	ум	494487	210	
506  	ун	239837	289	
507  	уо	5421	670	
508  	уп	452891	221	
509  	ур	569071	189	
510  	ус	796350	149	
511  	ут	825669	145	
512  	уф	13507	590	
513  	ух	219221	302	
514  	уц	16499	572	
515  	уч	635740	172	
516  	уш	314781	258	
517  	ущ	224286	297	
518  	уэ	9549	618	
519  	ую	692632	164	
520  	уя	30056	517	
521  	фа	143389	347	
522  	фг	4278	696	
523  	фе	246642	286	
524  	фи	307918	260	
525  	фл	36542	498	
526  	фн	4365	693	
527  	фо	285586	268	
528  	фр	94618	395	
529  	фс	12992	593	
530  	фт	28953	520	
531  	фу	48746	468	
532  	фф	33459	507	
533  	фы	8369	634	
534  	фь	5156	677	
535  	ха	336899	248	
536  	хв	82288	407	
537  	хг	4629	687	
538  	хе	41242	484	
539  	хи	150592	341	
540  	хл	65378	439	
541  	хм	28737	522	
542  	хн	146281	344	
543  	хо	1139461	104	
544  	хр	129409	360	
545  	хс	35982	501	
546  	хт	19814	555	
547  	ху	86495	404	
548  	хх	6686	654	
549  	хш	4543	689	
550  	ца	300342	262	
551  	цв	45666	477	
552  	це	622031	174	
553  	ци	954434	127	
554  	цк	49083	467	
555  	цо	93246	397	
556  	цу	72522	425	
557  	цы	114503	378	
558  	ча	1124769	106	
559  	чв	6421	657	
560  	че	2268576	57	
561  	чё	17794	565	
562  	чи	1047351	114	
563  	чк	228068	295	
564  	чл	27773	523	
565  	чн	603811	180	
566  	чо	33949	505	
567  	чр	19885	553	
568  	чт	1330584	93	
569  	чу	248680	284	
570  	чш	63645	444	
571  	чь	106684	385	
572  	ша	438095	223	
573  	шв	19056	559	
574  	ше	1044240	115	
575  	шё	8948	626	
576  	ши	789189	151	
577  	шк	264592	274	
578  	шл	246970	285	
579  	шм	9133	623	
580  	шн	183192	326	
581  	шо	138671	351	
582  	шп	11078	607	
583  	шр	6250	658	
584  	шт	76222	420	
585  	шу	134712	355	
586  	шь	239493	290	
587  	ща	223845	298	
588  	ще	884124	134	
589  	щё	19912	552	
590  	щи	540936	192	
591  	щн	41714	483	
592  	щу	65529	438	
593  	щь	25188	532	
594  	ъе	114416	379	
595  	ъя	64450	442	
596  	ыб	115247	377	
597  	ыв	552762	191	
598  	ыг	61603	446	
599  	ыд	76868	418	
600  	ые	878830	136	
601  	ыж	22491	539	
602  	ыз	43633	482	
603  	ыи	7885	642	
604  	ый	873612	137	
605  	ык	122620	368	
606  	ыл	829169	142	
607  	ым	773260	153	
608  	ын	136111	353	
609  	ып	109966	383	
610  	ыр	143384	348	
611  	ыс	366505	242	
612  	ыт	363384	243	
613  	ых	1003687	120	
614  	ыч	91197	399	
615  	ыш	222220	299	
616  	ыщ	6144	659	
617  	ыя	20553	550	
618  	ьб	62475	445	
619  	ьв	15069	582	
620  	ьг	52438	461	
621  	ьд	31358	513	
622  	ье	229001	294	
623  	ьз	116710	376	
624  	ьи	47784	470	
625  	ьк	519655	201	
626  	ьм	131111	358	
627  	ьн	1185471	98	
628  	ьо	9449	621	
629  	ьп	6797	651	
630  	ьс	555897	190	
631  	ьт	127804	362	
632  	ьф	10354	612	
633  	ьц	55530	458	
634  	ьч	34513	504	
635  	ьш	284207	269	
636  	ьщ	8058	641	
637  	ью	238356	292	
638  	ья	176300	333	
639  	эв	10761	609	
640  	эд	11849	600	
641  	эз	6650	656	
642  	эй	9960	616	
643  	эк	142412	349	
644  	эл	69389	429	
645  	эм	25904	530	
646  	эн	44486	480	
647  	эп	25341	531	
648  	эр	33543	506	
649  	эс	22321	543	
650  	эт	1140522	103	
651  	эф	31539	512	
652  	эх	4906	682	
653  	юб	182179	328	
654  	юг	12660	596	
655  	юд	206304	311	
656  	юж	17290	568	
657  	юз	32395	509	
658  	юк	24337	535	
659  	юл	22320	544	
660  	юм	27743	524	
661  	юн	36551	497	
662  	юр	71132	427	
663  	юс	74982	422	
664  	ют	469868	215	
665  	юх	8886	627	
666  	юц	21393	548	
667  	юч	103016	388	
668  	юш	17816	564	
669  	ющ	348512	246	
670  	юю	16123	577	
671  	яб	40581	486	
672  	яв	240098	288	
673  	яг	52846	460	
674  	яд	255296	281	
675  	яе	176507	332	
676  	яж	77250	416	
677  	яз	201526	312	
678  	яи	14173	587	
679  	яй	39718	491	
680  	як	106164	386	
681  	ял	333183	252	
682  	ям	265964	273	
683  	ян	326140	254	
684  	яп	24154	536	
685  	яр	64554	441	
686  	яс	213889	306	
687  	ят	826192	144	
688  	ях	146375	343	
689  	яц	45320	478	
690  	яч	72255	426	
691  	яш	13792	589	
692  	ящ	148840	342	
693  	яю	116793	375	
694  	яя	46318	473