мо 0,00700 0,00511
ру 0,00600 0,00382
ег 0,00500 0,00339
ин 0,00600 0,00575
ир 0,00100 0,00210
из 0,00400 0,00360
пу 0,00300 0,00104
ро 0,01600 0,01136
ал 0,01000 0,00993
дв 0,00400 0,00101
ря 0,00300 0,00126
та 0,00600 0,00876
ль 0,00400 0,00679
ое 0,00700 0,00280
ди 0,00300 0,00359
ов 0,01400 0,01181
го 0,00800 0,00985
ой 0,00500 0,00586
ви 0,01000 0,00407
пе 0,00500 0,00338
ен 0,01900 0,01251
ер 0,00700 0,00877
ав 0,00700 0,00446
ши 0,00400 0,00190
ле 0,01200 0,00705
со 0,00600 0,00461
вн 0,00400 0,00202
аю 0,00300 0,00149
ая 0,00200 0,00260
аз 0,00400 0,00436
пр 0,01200 0,01007
ра 0,01700 0,01216
ре 0,00700 0,00961
хо 0,00100 0,00275
ха 0,00300 0,00081
ча 0,00300 0,00271
ан 0,01200 0,00764
ок 0,00400 0,00293
то 0,01400 0,01619
тя 0,00100 0,00073
сп 0,00300 0,00260
не 0,01300 0,01158
фт 0,00100 0,00007
си 0,00400 0,00277
по 0,01400 0,01256
оч 0,00300 0,00237
зе 0,00200 0,00060
ля 0,00100 0,00259
сь 0,00300 0,00296
на 0,01400 0,01429
но 0,01500 0,01551
би 0,00200 0,00120
эт 0,00200 0,00275
ил 0,00800 0,00563
ый 0,00200 0,00211
ст 0,01500 0,01729
ьн 0,00400 0,00286
бо 0,00300 0,00366
еб 0,00100 0,00139
ко 0,01000 0,01233
дн 0,00100 0,00250
чт 0,00500 0,00321
ку 0,00400 0,00249
ли 0,01200 0,00932
ющ 0,00200 0,00084
аб 0,00400 0,00156
вш 0,00200 0,00070
ду 0,00300 0,00221
вс 0,00800 0,00319
ды 0,00100 0,00091
ол 0,01000 0,00813
пи 0,00100 0,00158
ив 0,00200 0,00323
нн 0,00300 0,00457
де 0,00700 0,00675
ом 0,00800 0,00773
ни 0,01100 0,01243
ус 0,00400 0,00192
ны 0,00700 0,00654
кс 0,00100 0,00065
им 0,00600 0,00422
ет 0,00900 0,00797
юд 0,00200 0,00050
ел 0,00800 0,00749
дл 0,00300 0,00111
бр 0,00400 0,00157
ор 0,01500 0,00823
ло 0,00600 0,00702
ув 0,00300 0,00064
за 0,00800 0,00644
вы 0,00200 0,00359
вл 0,00400 0,00167
св 0,00400 0,00182
ес 0,00400 0,00694
ош 0,00400 0,00105
ла 0,00900 0,00713
лю 0,00100 0,00144
зж 0,00100 0,00010
ке 0,00200 0,00098
зн 0,00300 0,00222
тс 0,00200 0,00251
ед 0,00500 0,00466
хн 0,00100 0,00035
ур 0,00100 0,00137
ев 0,00300 0,00257
ит 0,00500 0,00630
нд 0,00100 0,00081
ат 0,00500 0,00690
ия 0,00200 0,00349
иц 0,00400 0,00119
бе 0,00300 0,00239
ма 0,00900 0,00425
ии 0,00300 0,00220
ск 0,00300 0,00623
ты 0,00200 0,00206
ще 0,00100 0,00213
ог 0,00600 0,00668
лш 0,00100 0,00001
ос 0,00800 0,00956
др 0,00100 0,00151
оп 0,00300 0,00222
ве 0,00600 0,00662
тв 0,00300 0,00414
их 0,00100 0,00275
вд 0,00100 0,00034
ти 0,00200 0,00648
ую 0,00300 0,00167
же 0,00500 0,00439
об 0,00600 0,00535
ть 0,00600 0,00732
ей 0,00400 0,00319
уд 0,00200 0,00243
оу 0,00100 0,00011
ий 0,00300 0,00234
ик 0,00500 0,00347
ущ 0,00100 0,00054
ыл 0,00200 0,00200
ся 0,00500 0,00482
сл 0,00500 0,00362
рм 0,00200 0,00081
ба 0,00200 0,00121
ие 0,00100 0,00388
сх 0,00100 0,00027
ял 0,00100 0,00080
во 0,00600 0,00887
да 0,00800 0,00616
ше 0,00500 0,00252
яч 0,00100 0,00017
мп 0,00100 0,00046
па 0,00500 0,00232
ид 0,00200 0,00188
се 0,00100 0,00455
дю 0,00200 0,00003
нс 0,00100 0,00126
бл 0,00300 0,00124
ьк 0,00300 0,00125
вт 0,00100 0,00052
ме 0,00400 0,00565
ые 0,00100 0,00212
мы 0,00200 0,00175
ах 0,00200 0,00143
ва 0,01000 0,00840
ак 0,00500 0,00589
фе 0,00200 0,00059
он 0,00600 0,00709
уч 0,00300 0,00153
чу 0,00300 0,00060
те 0,00500 0,00792
ми 0,00200 0,00461
че 0,00300 0,00547
ки 0,00400 0,00497
от 0,00800 0,00846
ын 0,00200 0,00033
ри 0,00500 0,00680
ка 0,00800 0,00904
рн 0,00100 0,00138
ша 0,00100 0,00106
од 0,00400 0,00745
ад 0,00100 0,00274
еа 0,00100 0,00030
ят 0,00200 0,00199
аф 0,00100 0,00026
оя 0,00100 0,00093
яв 0,00100 0,00058
ае 0,00100 0,00221
ез 0,00100 0,00181
ич 0,00200 0,00256
ью 0,00100 0,00057
бы 0,00500 0,00354
рд 0,00100 0,00038
зр 0,00100 0,00050
ож 0,00200 0,00261
иа 0,00100 0,00067
ам 0,00400 0,00451
яю 0,00200 0,00028
му 0,00100 0,00253
нк 0,00200 0,00090
уе 0,00100 0,00045
ас 0,00200 0,00533
ек 0,00400 0,00239
до 0,00500 0,00520
йт 0,00100 0,00031
яс 0,00100 0,00052
аи 0,00100 0,00037
еп 0,00200 0,00117
ци 0,00200 0,00230
су 0,00100 0,00145
зи 0,00100 0,00092
чн 0,00300 0,00146
ем 0,00300 0,00564
ар 0,00200 0,00409
ыв 0,00100 0,00133
тр 0,00200 0,00486
нт 0,00200 0,00194
шь 0,00100 0,00058
аг 0,00200 0,00101
ещ 0,00200 0,00082
ых 0,00300 0,00242
сн 0,00100 0,00148
бу 0,00100 0,00139
зм 0,00100 0,00069
ца 0,00200 0,00072
жд 0,00300 0,00122
ун 0,00200 0,00058
ня 0,00100 0,00185
зг 0,00100 0,00032
ьм 0,00100 0,00032
ап 0,00100 0,00129
ук 0,00500 0,00111
уй 0,00100 0,00012
зв 0,00100 0,00129
пл 0,00200 0,00129
чи 0,00400 0,00252
ех 0,00100 0,00086
ср 0,00200 0,00061
вз 0,00100 0,00044
ым 0,00100 0,00186
аш 0,00100 0,00122
еш 0,00300 0,00105
см 0,00100 0,00102
оз 0,00100 0,00203
щи 0,00100 0,00130
тк 0,00100 0,00097
пн 0,00100 0,00020
ыб 0,00100 0,00028
ис 0,00500 0,00449
ее 0,00100 0,00169
рв 0,00200 0,00062
ну 0,00200 0,00279
мн 0,00200 0,00170
ои 0,00100 0,00124
лл 0,00100 0,00045
юр 0,00100 0,00017
мя 0,00200 0,00059
шт 0,00100 0,00018
ьп 0,00100 0,00002
юц 0,00100 0,00005
ыя 0,00100 0,00005
зд 0,00100 0,00116
ту 0,00100 0,00212
ух 0,00100 0,00053
тъ 0,00100 0,00001
сс 0,00100 0,00191
зо 0,00100 0,00112
уг 0,00200 0,00125
ьз 0,00100 0,00028
фи 0,00100 0,00074
бъ 0,00100 0,00029
еч 0,00100 0,00149
дя 0,00100 0,00045
ья 0,00100 0,00042
ея 0,00100 0,00029
ьс 0,00100 0,00134
юч 0,00100 0,00025
рк 0,00100 0,00056
кр 0,00100 0,00227
зб 0,00100 0,00021
зк 0,00100 0,00020
шл 0,00100 0,00060
гд 0,00100 0,00127
ща 0,00100 0,00054
