и 0,06900 0,06314
в 0,06000 0,05533
не 0,03100 0,03179
на 0,02400 0,02798
я 0,03300 0,02237
быть 0,03200 0,02145
он 0,02500 0,02079
с 0,01800 0,01995
что 0,01500 0,00672
а 0,01300 0,01446
по 0,00800 0,01020
это 0,01000 0,00082
она 0,01700 0,00986
этот 0,00800 0,00955
к 0,00600 0,00950
но 0,00900 0,00949
они 0,00900 0,00855
мы 0,00400 0,00830
как 0,00400 0,00390
из 0,00700 0,00761
у 0,00900 0,00759
который 0,00500 0,00742
то 0,01000 0,00159
за 0,00600 0,00689
свой 0,00300 0,00675
что 0,01500 0,00672
весь 0,00800 0,00668
год 0,00300 0,00657
от 0,00400 0,00648
так 0,01100 0,00607
о 0,00400 0,00601
для 0,00400 0,00569
ты 0,00200 0,00559
же 0,00800 0,00554
все 0,00400 0,00076
тот 0,00500 0,00523
мочь 0,00400 0,00514
вы 0,00300 0,00513
человек 0,00300 0,00480
такой 0,00600 0,00475
его 0,00200 0,00454
сказать 0,00400 0,00423
только 0,00600 0,00422
или 0,00400 0,00414
еще 0,00700 0,00410
бы 0,00300 0,00410
себя 0,00800 0,00401
один 0,00600 0,00093
как 0,00400 0,00390
уже 0,00400 0,00384
до 0,00300 0,00363
время 0,00400 0,00355
если 0,00400 0,00352
сам 0,00100 0,00350
когда 0,00400 0,00334
другой 0,00300 0,00324
вот 0,00200 0,00315
говорить 0,00300 0,00310
наш 0,00400 0,00305
мой 0,00300 0,00303
знать 0,00500 0,00302
стать 0,00200 0,00286
при 0,00200 0,00273
чтобы 0,00400 0,00261
дело 0,00000 0,00249
жизнь 0,00600 0,00245
кто 0,00100 0,00242
первый 0,00100 0,00237
очень 0,00200 0,00227
два 0,00400 0,00227
день 0,00200 0,00222
ее 0,00200 0,00215
новый 0,00200 0,00215
рука 0,00300 0,00212
даже 0,00300 0,00046
во 0,00100 0,00206
со 0,00200 0,00203
раз 0,00100 0,00199
где 0,00300 0,00199
там 0,00200 0,00199
под 0,00300 0,00199
можно 0,00200 0,00198
ну 0,00100 0,00196
какой 0,00200 0,00192
после 0,00100 0,00190
их 0,00400 0,00190
работа 0,00400 0,00187
без 0,00000 0,00180
самый 0,00200 0,00178
потом 0,00400 0,00177
надо 0,00000 0,00175
хотеть 0,00200 0,00175
ли 0,00200 0,00173
слово 0,00200 0,00171
идти 0,00500 0,00169
большой 0,00200 0,00166
должен 0,00300 0,00166
место 0,00200 0,00163
иметь 0,00300 0,00160
ничто 0,00100 0,00159
то 0,01000 0,00159
сейчас 0,00100 0,00158
тут 0,00000 0,00155
лицо 0,00400 0,00155
каждый 0,00200 0,00154
друг 0,00100 0,00154
нет 0,00500 0,00104
теперь 0,00400 0,00154
ни 0,00200 0,00096
глаз 0,00100 0,00151
тоже 0,00100 0,00148
тогда 0,00000 0,00147
видеть 0,00000 0,00144
вопрос 0,00000 0,00142
через 0,00000 0,00142
да 0,00400 0,00139
здесь 0,00100 0,00140
дом 0,00100 0,00140
да 0,00400 0,00139
потому 0,00000 0,00136
сторона 0,00000 0,00135
какой-то 0,00000 0,00134
думать 0,00200 0,00133
сделать 0,00000 0,00131
страна 0,00300 0,00128
жить 0,00000 0,00128
чем 0,00200 0,00127
мир 0,00200 0,00126
об 0,00000 0,00126
последний 0,00100 0,00126
случай 0,00200 0,00125
голова 0,00100 0,00125
более 0,00300 0,00032
делать 0,00200 0,00124
что-то 0,00000 0,00118
смотреть 0,00400 0,00118
ребенок 0,00100 0,00116
просто 0,00100 0,00116
конечно 0,00400 0,00114
сила 0,00100 0,00114
российский 0,00100 0,00114
конец 0,00100 0,00112
перед 0,00000 0,00110
несколько 0,00300 0,00110
вид 0,00300 0,00109
система 0,00000 0,00109
всегда 0,00300 0,00108
работать 0,00000 0,00108
между 0,00100 0,00107
три 0,00100 0,00105
нет 0,00500 0,00104
понять 0,00000 0,00104
пойти 0,00100 0,00104
часть 0,00000 0,00103
спросить 0,00100 0,00101
город 0,00200 0,00101
дать 0,00000 0,00101
также 0,00000 0,00100
никто 0,00000 0,00099
понимать 0,00000 0,00099
получить 0,00100 0,00098
отношение 0,00100 0,00098
лишь 0,00200 0,00097
второй 0,00400 0,00097
именно 0,00000 0,00097
ваш 0,00000 0,00096
хотя 0,00000 0,00096
ни 0,00200 0,00096
сидеть 0,00200 0,00095
над 0,00200 0,00095
женщина 0,00000 0,00094
оказаться 0,00200 0,00094
русский 0,00200 0,00093
один 0,00600 0,00093
взять 0,00100 0,00093
прийти 0,00100 0,00092
являться 0,00100 0,00092
деньги 0,00000 0,00090
почему 0,00200 0,00089
вдруг 0,00000 0,00089
любить 0,00000 0,00089
стоить 0,00200 0,00088
почти 0,00000 0,00088
земля 0,00000 0,00087
общий 0,00000 0,00087
ведь 0,00100 0,00039
машина 0,00200 0,00086
однако 0,00000 0,00086
сразу 0,00000 0,00086
хорошо 0,00000 0,00086
вода 0,00200 0,00085
отец 0,00100 0,00085
высокий 0,00100 0,00085
остаться 0,00000 0,00085
выйти 0,00200 0,00085
много 0,00000 0,00085
проблема 0,00000 0,00084
начать 0,00100 0,00083
хороший 0,00100 0,00083
час 0,00100 0,00083
это 0,01000 0,00082
сегодня 0,00200 0,00082
право 0,00000 0,00081
совсем 0,00100 0,00081
нога 0,00100 0,00081
считать 0,00000 0,00080
главный 0,00000 0,00080
решение 0,00100 0,00080
увидеть 0,00200 0,00080
дверь 0,00200 0,00079
казаться 0,00000 0,00079
образ 0,00000 0,00078
писать 0,00100 0,00078
история 0,00200 0,00078
лучший 0,00000 0,00078
власть 0,00000 0,00077
закон 0,00000 0,00076
все 0,00400 0,00076
война 0,00400 0,00075
бог 0,00100 0,00075
голос 0,00000 0,00075
найти 0,00200 0,00075
поэтому 0,00000 0,00074
стоять 0,00100 0,00074
вообще 0,00000 0,00074
тысяча 0,00200 0,00073
больше 0,00300 0,00038
вместе 0,00100 0,00073
маленький 0,00100 0,00073
книга 0,00100 0,00073
некоторый 0,00000 0,00072
решить 0,00200 0,00072
любой 0,00200 0,00072
возможность 0,00000 0,00072
результат 0,00000 0,00071
ночь 0,00000 0,00071
стол 0,00200 0,00071
никогда 0,00100 0,00071
имя 0,00100 0,00071
область 0,00000 0,00071
молодой 0,00100 0,00071
пройти 0,00000 0,00070
например 0,00100 0,00070
статья 0,00200 0,00070
оно 0,00100 0,00069
число 0,00000 0,00069
компания 0,00000 0,00069
про 0,00000 0,00069
государственный 0,00100 0,00069
полный 0,00000 0,00069
принять 0,00000 0,00068
народ 0,00100 0,00068
никакой 0,00000 0,00068
советский 0,00100 0,00067
жена 0,00000 0,00066
настоящий 0,00000 0,00066
всякий 0,00000 0,00066
группа 0,00000 0,00066
развитие 0,00200 0,00066
процесс 0,00300 0,00065
суд 0,00000 0,00065
давать 0,00000 0,00065
ответить 0,00000 0,00065
старый 0,00000 0,00065
условие 0,00100 0,00065
твой 0,00100 0,00065
пока 0,00100 0,00038
средство 0,00100 0,00064
помнить 0,00000 0,00064
начало 0,00000 0,00064
ждать 0,00000 0,00063
свет 0,00100 0,00063
пора 0,00000 0,00063
путь 0,00100 0,00063
душа 0,00000 0,00063
куда 0,00000 0,00063
нужно 0,00100 0,00062
разный 0,00100 0,00062
нужный 0,00200 0,00062
уровень 0,00000 0,00061
иной 0,00200 0,00061
форма 0,00200 0,00061
связь 0,00000 0,00061
уж 0,00000 0,00061
минута 0,00100 0,00061
кроме 0,00100 0,00060
находиться 0,00100 0,00060
опять 0,00100 0,00060
многий 0,00100 0,00060
белый 0,00000 0,00060
собственный 0,00100 0,00060
улица 0,00100 0,00059
черный 0,00200 0,00059
написать 0,00100 0,00059
вечер 0,00000 0,00059
снова 0,00000 0,00059
основной 0,00000 0,00059
качество 0,00000 0,00058
мысль 0,00000 0,00058
дорога 0,00100 0,00058
мать 0,00100 0,00058
действие 0,00100 0,00058
месяц 0,00000 0,00058
оставаться 0,00000 0,00058
государство 0,00000 0,00057
язык 0,00200 0,00057
любовь 0,00000 0,00057
взгляд 0,00000 0,00057
мама 0,00000 0,00057
играть 0,00000 0,00056
далекий 0,00100 0,00056
лежать 0,00100 0,00056
нельзя 0,00000 0,00056
век 0,00000 0,00056
школа 0,00000 0,00056
подумать 0,00400 0,00056
уйти 0,00000 0,00056
цель 0,00100 0,00056
среди 0,00000 0,00055
общество 0,00000 0,00055
посмотреть 0,00100 0,00055
деятельность 0,00000 0,00055
организация 0,00000 0,00055
кто-то 0,00000 0,00055
вернуться 0,00000 0,00055
президент 0,00000 0,00055
комната 0,00000 0,00055
порядок 0,00000 0,00054
момент 0,00100 0,00054
театр 0,00000 0,00054
следовать 0,00000 0,00054
читать 0,00200 0,00054
письмо 0,00000 0,00054
подобный 0,00000 0,00053
следующий 0,00000 0,00053
утро 0,00000 0,00053
особенно 0,00100 0,00053
помощь 0,00100 0,00053
ситуация 0,00000 0,00053
роль 0,00000 0,00052
бывать 0,00000 0,00052
ходить 0,00000 0,00052
рубль 0,00000 0,00052
начинать 0,00100 0,00052
появиться 0,00200 0,00052
смысл 0,00100 0,00052
состояние 0,00000 0,00052
называть 0,00000 0,00052
рядом 0,00100 0,00051
квартира 0,00100 0,00051
назад 0,00000 0,00051
равный 0,00000 0,00051
из-за 0,00000 0,00051
орган 0,00000 0,00051
внимание 0,00100 0,00050
тело 0,00000 0,00050
труд 0,00000 0,00050
прийтись 0,00200 0,00050
хотеться 0,00000 0,00050
сын 0,00000 0,00050
мера 0,00000 0,00050
пять 0,00000 0,00050
смерть 0,00100 0,00050
живой 0,00100 0,00050
рынок 0,00000 0,00050
программа 0,00000 0,00050
задача 0,00000 0,00050
предприятие 0,00000 0,00050
известный 0,00000 0,00050
окно 0,00100 0,00049
вести 0,00300 0,00049
совершенно 0,00000 0,00049
военный 0,00000 0,00049
разговор 0,00000 0,00049
показать 0,00200 0,00049
правительство 0,00000 0,00049
важный 0,00000 0,00049
семья 0,00100 0,00049
великий 0,00000 0,00049
производство 0,00100 0,00048
простой 0,00200 0,00048
значит 0,00000 0,00048
третий 0,00000 0,00048
сколько 0,00000 0,00048
огромный 0,00100 0,00048
давно 0,00100 0,00048
политический 0,00100 0,00047
информация 0,00200 0,00047
действительно 0,00100 0,00047
положение 0,00000 0,00047
поставить 0,00200 0,00047
бояться 0,00000 0,00047
наконец 0,00000 0,00047
центр 0,00100 0,00047
происходить 0,00000 0,00046
ответ 0,00000 0,00046
муж 0,00000 0,00046
автор 0,00000 0,00046
все-таки 0,00000 0,00046
стена 0,00000 0,00046
существовать 0,00000 0,00046
даже 0,00300 0,00046
интерес 0,00000 0,00046
становиться 0,00000 0,00046
федерация 0,00000 0,00046
правило 0,00100 0,00046
оба 0,00000 0,00046
часто 0,00000 0,00045
московский 0,00100 0,00045
управление 0,00000 0,00045
слышать 0,00000 0,00045
быстро 0,00000 0,00045
смочь 0,00100 0,00045
заметить 0,00100 0,00045
как-то 0,00100 0,00045
мужчина 0,00100 0,00045
долго 0,00000 0,00045
правда 0,00100 0,00031
идея 0,00000 0,00044
партия 0,00000 0,00044
иногда 0,00000 0,00044
использовать 0,00000 0,00044
пытаться 0,00000 0,00044
готовый 0,00000 0,00044
чуть 0,00000 0,00044
зачем 0,00200 0,00044
представить 0,00000 0,00044
чувствовать 0,00000 0,00043
создать 0,00000 0,00043
совет 0,00100 0,00043
счет 0,00000 0,00043
сердце 0,00000 0,00043
движение 0,00000 0,00043
вещь 0,00100 0,00043
материал 0,00000 0,00043
неделя 0,00000 0,00043
чувство 0,00200 0,00043
затем 0,00000 0,00043
данный 0,00000 0,00043
заниматься 0,00000 0,00042
продолжать 0,00000 0,00042
красный 0,00000 0,00042
глава 0,00200 0,00042
ко 0,00200 0,00042
слушать 0,00000 0,00042
наука 0,00000 0,00042
узнать 0,00200 0,00042
ряд 0,00100 0,00042
газета 0,00000 0,00042
причина 0,00100 0,00042
против 0,00000 0,00042
плечо 0,00000 0,00042
современный 0,00100 0,00042
цена 0,00000 0,00042
план 0,00100 0,00041
приехать 0,00000 0,00041
речь 0,00000 0,00041
четыре 0,00000 0,00041
отвечать 0,00000 0,00041
точка 0,00100 0,00041
основа 0,00000 0,00041
товарищ 0,00200 0,00041
культура 0,00000 0,00041
слишком 0,00000 0,00041
рассказывать 0,00100 0,00041
вполне 0,00000 0,00040
далее 0,00100 0,00040
рассказать 0,00300 0,00040
данные 0,00300 0,00040
представлять 0,00000 0,00040
мнение 0,00000 0,00040
социальный 0,00000 0,00040
около 0,00000 0,00040
документ 0,00100 0,00040
институт 0,00000 0,00040
ход 0,00100 0,00040
брать 0,00100 0,00040
забыть 0,00000 0,00040
проект 0,00000 0,00040
ранний 0,00000 0,00040
встреча 0,00100 0,00040
особый 0,00100 0,00040
целый 0,00000 0,00039
директор 0,00000 0,00039
провести 0,00000 0,00039
спать 0,00200 0,00039
плохой 0,00000 0,00039
может 0,00000 0,00039
впрочем 0,00100 0,00039
сильный 0,00100 0,00039
наверное 0,00100 0,00039
скорый 0,00000 0,00039
ведь 0,00100 0,00039
срок 0,00200 0,00039
палец 0,00000 0,00039
опыт 0,00000 0,00038
помочь 0,00100 0,00038
больше 0,00300 0,00038
приходить 0,00000 0,00038
служба 0,00000 0,00038
крупный 0,00000 0,00038
внутренний 0,00000 0,00038
просить 0,00100 0,00038
вспомнить 0,00000 0,00038
открыть 0,00000 0,00038
привести 0,00000 0,00038
судьба 0,00000 0,00038
пока 0,00100 0,00038
девушка 0,00100 0,00038
поскольку 0,00000 0,00037
очередь 0,00100 0,00037
лес 0,00000 0,00037
пусть 0,00000 0,00037
экономический 0,00000 0,00037
оставить 0,00000 0,00037
правый 0,00100 0,00037
состав 0,00000 0,00037
словно 0,00000 0,00037
федеральный 0,00000 0,00037
спрашивать 0,00000 0,00037
принимать 0,00000 0,00037
член 0,00000 0,00037
искать 0,00100 0,00036
близкий 0,00000 0,00036
количество 0,00000 0,00036
похожий 0,00100 0,00036
событие 0,00000 0,00036
объект 0,00000 0,00036
зал 0,00000 0,00036
создание 0,00000 0,00036
войти 0,00100 0,00036
различный 0,00000 0,00036
значение 0,00000 0,00036
назвать 0,00200 0,00036
достаточно 0,00000 0,00036
период 0,00000 0,00036
хоть 0,00000 0,00036
шаг 0,00000 0,00036
необходимый 0,00000 0,00036
успеть 0,00100 0,00036
произойти 0,00200 0,00036
брат 0,00000 0,00036
искусство 0,00000 0,00036
единственный 0,00000 0,00036
легкий 0,00100 0,00036
структура 0,00000 0,00036
выходить 0,00000 0,00035
номер 0,00100 0,00035
предложить 0,00000 0,00035
пример 0,00000 0,00035
пить 0,00000 0,00035
исследование 0,00000 0,00035
гражданин 0,00000 0,00035
глядеть 0,00000 0,00035
человеческий 0,00000 0,00035
игра 0,00000 0,00035
начальник 0,00000 0,00035
сей 0,00000 0,00035
рост 0,00200 0,00035
ехать 0,00100 0,00035
международный 0,00000 0,00035
тема 0,00000 0,00035
принцип 0,00000 0,00035
дорогой 0,00000 0,00035
попасть 0,00000 0,00035
десять 0,00000 0,00035
начаться 0,00000 0,00035
верить 0,00000 0,00035
метод 0,00100 0,00035
тип 0,00000 0,00035
фильм 0,00000 0,00035
небольшой 0,00000 0,00035
держать 0,00000 0,00035
либо 0,00000 0,00034
позволять 0,00000 0,00034
край 0,00100 0,00034
местный 0,00000 0,00034
менее 0,00000 0,00034
гость 0,00100 0,00034
купить 0,00100 0,00034
уходить 0,00000 0,00034
собираться 0,00100 0,00034
воздух 0,00000 0,00034
туда 0,00000 0,00034
относиться 0,00000 0,00034
бывший 0,00000 0,00034
требовать 0,00100 0,00034
характер 0,00000 0,00034
борьба 0,00200 0,00034
использование 0,00000 0,00034
кстати 0,00000 0,00034
подойти 0,00000 0,00034
размер 0,00000 0,00033
удаться 0,00000 0,00033
образование 0,00000 0,00033
получать 0,00000 0,00033
мальчик 0,00000 0,00033
кровь 0,00000 0,00033
район 0,00000 0,00033
небо 0,00000 0,00033
американский 0,00000 0,00033
армия 0,00000 0,00033
класс 0,00000 0,00033
представитель 0,00000 0,00033
участие 0,00000 0,00033
девочка 0,00100 0,00033
политика 0,00000 0,00032
сначала 0,00100 0,00032
герой 0,00100 0,00032
картина 0,00000 0,00032
широкий 0,00200 0,00032
доллар 0,00000 0,00032
спина 0,00000 0,00032
территория 0,00100 0,00032
мировой 0,00000 0,00032
пол 0,00000 0,00032
тяжелый 0,00100 0,00032
довольно 0,00000 0,00032
поле 0,00100 0,00032
ж 0,00000 0,00032
изменение 0,00000 0,00032
умереть 0,00000 0,00032
более 0,00300 0,00032
направление 0,00000 0,00032
рисунок 0,00100 0,00032
течение 0,00000 0,00032
возможный 0,00000 0,00032
церковь 0,00000 0,00031
банк 0,00000 0,00031
отдельный 0,00000 0,00031
средний 0,00000 0,00031
красивый 0,00000 0,00031
сцена 0,00000 0,00031
население 0,00000 0,00031
большинство 0,00000 0,00031
сесть 0,00100 0,00031
двадцать 0,00100 0,00031
случиться 0,00000 0,00031
музыка 0,00000 0,00031
короткий 0,00000 0,00031
правда 0,00100 0,00031
проходить 0,00000 0,00031
составлять 0,00000 0,00031
свобода 0,00200 0,00031
память 0,00000 0,00031
приходиться 0,00000 0,00031
причем 0,00000 0,00031
команда 0,00000 0,00031
установить 0,00000 0,00031
союз 0,00100 0,00031
будто 0,00100 0,00030
поднять 0,00000 0,00031
врач 0,00100 0,00031
серьезный 0,00000 0,00031
договор 0,00000 0,00030
стараться 0,00000 0,00030
уметь 0,00000 0,00030
встать 0,00100 0,00030
дерево 0,00000 0,00030
интересный 0,00100 0,00030
факт 0,00000 0,00030
добрый 0,00100 0,00030
всего 0,00000 0,00030
хозяин 0,00000 0,00030
национальный 0,00000 0,00030
однажды 0,00000 0,00030
длинный 0,00100 0,00030
природа 0,00000 0,00030
домой 0,00000 0,00030
страшный 0,00000 0,00030
прошлый 0,00000 0,00030
будто 0,00100 0,00030
общественный 0,00000 0,00030
угол 0,00000 0,00030
чтоб 0,00000 0,00030
телефон 0,00000 0,00029
позиция 0,00000 0,00029
проводить 0,00200 0,00029
скоро 0,00000 0,00029
наиболее 0,00000 0,00029
двор 0,00000 0,00029
обычно 0,00000 0,00029
бросить 0,00000 0,00029
разве 0,00100 0,00029
писатель 0,00100 0,00029
самолет 0,00000 0,00029
объем 0,00100 0,00029
далеко 0,00000 0,00029
род 0,00000 0,00029
солнце 0,00000 0,00029
вера 0,00000 0,00029
берег 0,00000 0,00029
спектакль 0,00000 0,00029
фирма 0,00000 0,00029
способ 0,00000 0,00029
завод 0,00000 0,00029
цвет 0,00100 0,00029
трудно 0,00100 0,00029
журнал 0,00000 0,00029
руководитель 0,00000 0,00029
